0,40.78596878051758,-73.9527587890625,1463043080
1,40.77281188964844,-73.9455795288086,1463046089
