0,40.782085418701165,-73.98084259033203,1464082114
1,40.80173873901367,-73.96878814697266,1464082761
