0,40.76260757446289,-73.97279357910156,1455884740
1,40.75111389160156,-73.99053955078125,1455885777
